bbl loader
1 	4 	9 	16 	25 	36 	
49 	64 	81 	100 	121 	144 	
169 	196 	225 	256 	289 	324 	

1 	49 	169 	
4 	64 	196 	
9 	81 	225 	
16 	100 	256 	
25 	121 	289 	
36 	144 	324 	

1 	4 	9 	16 	25 	36 	
49 	64 	81 	100 	121 	144 	
169 	196 	225 	256 	289 	324 	

1.5000 	4.5000 	9.5000 	16.5000 	25.5000 	36.5000 	
49.5000 	64.5000 	81.5000 	100.5000 	121.5000 	144.5000 	
169.5000 	196.5000 	225.5000 	256.5000 	289.5000 	324.5000 	

1.5000 	49.5000 	169.5000 	
4.5000 	64.5000 	196.5000 	
9.5000 	81.5000 	225.5000 	
16.5000 	100.5000 	256.5000 	
25.5000 	121.5000 	289.5000 	
36.5000 	144.5000 	324.5000 	

1.5000 	4.5000 	9.5000 	16.5000 	25.5000 	36.5000 	
49.5000 	64.5000 	81.5000 	100.5000 	121.5000 	144.5000 	
169.5000 	196.5000 	225.5000 	256.5000 	289.5000 	324.5000 	

1.5000 -0.5000i 	4.5000 -0.5000i 	9.5000 -0.5000i 	16.5000 -0.5000i 	25.5000 -0.5000i 	36.5000 -0.5000i 	
49.5000 -0.5000i 	64.5000 -0.5000i 	81.5000 -0.5000i 	100.5000 -0.5000i 	121.5000 -0.5000i 	144.5000 -0.5000i 	
169.5000 -0.5000i 	196.5000 -0.5000i 	225.5000 -0.5000i 	256.5000 -0.5000i 	289.5000 -0.5000i 	324.5000 -0.5000i 	

1.5000 -0.5000i 	49.5000 -0.5000i 	169.5000 -0.5000i 	
4.5000 -0.5000i 	64.5000 -0.5000i 	196.5000 -0.5000i 	
9.5000 -0.5000i 	81.5000 -0.5000i 	225.5000 -0.5000i 	
16.5000 -0.5000i 	100.5000 -0.5000i 	256.5000 -0.5000i 	
25.5000 -0.5000i 	121.5000 -0.5000i 	289.5000 -0.5000i 	
36.5000 -0.5000i 	144.5000 -0.5000i 	324.5000 -0.5000i 	

1.5000 -0.5000i 	4.5000 -0.5000i 	9.5000 -0.5000i 	16.5000 -0.5000i 	25.5000 -0.5000i 	36.5000 -0.5000i 	
49.5000 -0.5000i 	64.5000 -0.5000i 	81.5000 -0.5000i 	100.5000 -0.5000i 	121.5000 -0.5000i 	144.5000 -0.5000i 	
169.5000 -0.5000i 	196.5000 -0.5000i 	225.5000 -0.5000i 	256.5000 -0.5000i 	289.5000 -0.5000i 	324.5000 -0.5000i 	

1.5000 -0.5000i 	4.5000 -0.5000i 	9.5000 -0.5000i 	16.5000 -0.5000i 	25.5000 -0.5000i 	36.5000 -0.5000i 	
49.5000 -0.5000i 	64.5000 -0.5000i 	81.5000 -0.5000i 	100.5000 -0.5000i 	121.5000 -0.5000i 	144.5000 -0.5000i 	
169.5000 -0.5000i 	196.5000 -0.5000i 	225.5000 -0.5000i 	256.5000 -0.5000i 	289.5000 -0.5000i 	324.5000 -0.5000i 	

1.5000 +0.5000i 	49.5000 +0.5000i 	169.5000 +0.5000i 	
4.5000 +0.5000i 	64.5000 +0.5000i 	196.5000 +0.5000i 	
9.5000 +0.5000i 	81.5000 +0.5000i 	225.5000 +0.5000i 	
16.5000 +0.5000i 	100.5000 +0.5000i 	256.5000 +0.5000i 	
25.5000 +0.5000i 	121.5000 +0.5000i 	289.5000 +0.5000i 	
36.5000 +0.5000i 	144.5000 +0.5000i 	324.5000 +0.5000i 	

1.5000 -0.5000i 	4.5000 -0.5000i 	9.5000 -0.5000i 	16.5000 -0.5000i 	25.5000 -0.5000i 	36.5000 -0.5000i 	
49.5000 -0.5000i 	64.5000 -0.5000i 	81.5000 -0.5000i 	100.5000 -0.5000i 	121.5000 -0.5000i 	144.5000 -0.5000i 	
169.5000 -0.5000i 	196.5000 -0.5000i 	225.5000 -0.5000i 	256.5000 -0.5000i 	289.5000 -0.5000i 	324.5000 -0.5000i 	

